8801 -1 SUP: 113
26 -1 SUP: 108
42 -1 SUP: 131
72 -1 SUP: 112
4444 -1 SUP: 186
4444 -1 4444 -1 SUP: 127
125 -1 SUP: 122
137 -1 SUP: 178
8897 -1 SUP: 110
8889 -1 SUP: 102
4552 -1 SUP: 127
9087 -1 SUP: 118
9061 -1 SUP: 104
4196 -1 SUP: 120
4208 -1 SUP: 100
8974 -1 SUP: 205
8974 -1 8974 -1 SUP: 162
8974 -1 8974 -1 8974 -1 SUP: 111
360 -1 SUP: 240
360 -1 360 -1 SUP: 145
8969 -1 SUP: 117
8969 -1 2652 -1 SUP: 101
411 -1 SUP: 227
411 -1 411 -1 SUP: 172
411 -1 411 -1 411 -1 SUP: 100
9174 -1 SUP: 133
9174 -1 9174 -1 SUP: 103
419 -1 SUP: 169
419 -1 419 -1 SUP: 101
9126 -1 SUP: 226
9126 -1 7088 -1 SUP: 187
9126 -1 7088 -1 7088 -1 SUP: 114
9126 -1 7088 -1 7088 9126 -1 SUP: 113
9126 -1 7088 9126 -1 SUP: 187
9126 -1 7088 9126 -1 7088 -1 SUP: 114
9126 -1 7088 9126 -1 7088 9126 -1 SUP: 113
9126 -1 7088 9126 -1 9126 -1 SUP: 113
9126 -1 7088 -1 9126 -1 SUP: 113
9126 -1 9126 -1 SUP: 188
9126 -1 9126 -1 7088 -1 SUP: 115
9126 -1 9126 -1 7088 9126 -1 SUP: 114
9126 -1 9126 -1 9126 -1 SUP: 114
9114 -1 SUP: 130
9114 -1 9114 -1 SUP: 114
8262 -1 SUP: 206
8262 -1 8262 -1 SUP: 107
552 -1 SUP: 147
552 4811 -1 SUP: 123
552 4811 -1 552 -1 SUP: 102
552 4811 -1 552 4811 -1 SUP: 102
552 4811 -1 4811 -1 SUP: 103
552 -1 552 -1 SUP: 110
552 -1 552 4811 -1 SUP: 103
552 -1 4811 -1 SUP: 104
515 -1 SUP: 114
8208 -1 SUP: 125
4991 -1 SUP: 171
8412 -1 SUP: 131
659 -1 SUP: 102
5069 -1 SUP: 171
5069 -1 5069 -1 SUP: 137
5092 -1 SUP: 102
800 -1 SUP: 159
800 -1 800 -1 SUP: 116
4634 -1 SUP: 173
4634 -1 4634 -1 SUP: 123
4683 -1 SUP: 110
8480 -1 SUP: 118
8480 -1 8480 -1 SUP: 107
928 -1 SUP: 105
4776 -1 SUP: 135
4786 -1 SUP: 114
4811 -1 SUP: 172
4811 -1 552 -1 SUP: 102
4811 -1 552 4811 -1 SUP: 102
4811 -1 4811 -1 SUP: 129
4830 -1 SUP: 163
4830 -1 4196 -1 SUP: 112
4830 -1 4830 -1 SUP: 101
8581 -1 SUP: 115
8617 -1 SUP: 195
8617 -1 8617 -1 SUP: 133
4851 -1 SUP: 101
5493 -1 SUP: 180
5493 -1 5493 -1 SUP: 139
5493 -1 5447 -1 SUP: 118
5493 -1 5447 5493 -1 SUP: 117
5447 -1 SUP: 153
5447 -1 5493 -1 SUP: 118
5447 5493 -1 SUP: 153
5447 5493 -1 5493 -1 SUP: 117
5447 5493 -1 5447 -1 SUP: 118
5447 5493 -1 5447 5493 -1 SUP: 117
5447 -1 5447 -1 SUP: 119
5447 -1 5447 5493 -1 SUP: 118
1141 -1 SUP: 152
1141 -1 1141 -1 SUP: 114
5419 -1 SUP: 143
5419 -1 5419 -1 SUP: 111
9804 -1 SUP: 190
9804 -1 9804 -1 SUP: 112
9908 -1 SUP: 133
5591 -1 SUP: 127
5591 -1 5591 -1 SUP: 106
9939 -1 SUP: 145
1215 -1 SUP: 154
1215 9406 -1 SUP: 115
5517 -1 SUP: 152
5517 -1 5517 -1 SUP: 132
1393 -1 SUP: 106
1393 5092 -1 SUP: 101
1290 -1 SUP: 164
1290 -1 1290 -1 SUP: 130
5132 -1 SUP: 154
1503 -1 SUP: 101
1503 2722 -1 SUP: 101
5352 -1 SUP: 122
5343 -1 SUP: 104
5343 7931 -1 SUP: 104
1426 -1 SUP: 106
1457 -1 SUP: 101
1641 -1 SUP: 112
5983 -1 SUP: 104
5957 -1 SUP: 109
9285 -1 SUP: 115
1566 -1 SUP: 153
1566 -1 1566 -1 SUP: 108
1566 3488 -1 SUP: 126
1566 3488 -1 3488 -1 SUP: 103
1566 -1 3488 -1 SUP: 103
9348 -1 SUP: 109
1779 -1 SUP: 102
9381 -1 SUP: 115
9402 -1 SUP: 100
9406 -1 SUP: 157
1667 -1 SUP: 149
1667 -1 1667 -1 SUP: 122
9529 -1 SUP: 107
5663 -1 SUP: 162
5663 -1 5663 -1 SUP: 118
1807 -1 SUP: 154
1807 6312 -1 SUP: 152
2023 -1 SUP: 139
2023 -1 2023 -1 SUP: 114
1986 -1 SUP: 143
1986 -1 1986 -1 SUP: 104
9682 -1 SUP: 103
1964 -1 SUP: 153
1964 -1 1964 -1 SUP: 121
5804 -1 SUP: 100
1946 -1 SUP: 110
1946 4683 -1 SUP: 109
6568 -1 SUP: 137
2227 -1 SUP: 182
2227 -1 2227 -1 SUP: 110
6533 -1 SUP: 119
6549 -1 SUP: 118
6549 7160 -1 SUP: 110
2240 -1 SUP: 158
2240 -1 2240 -1 SUP: 107
2240 -1 2240 7125 -1 SUP: 107
2240 -1 7125 -1 SUP: 110
2240 7125 -1 SUP: 146
2240 7125 -1 2240 -1 SUP: 104
2240 7125 -1 2240 7125 -1 SUP: 104
2240 7125 -1 7125 -1 SUP: 107
6439 -1 SUP: 107
6439 8262 -1 SUP: 107
6431 -1 SUP: 109
2114 -1 SUP: 101
2438 -1 SUP: 126
6312 -1 SUP: 155
2499 -1 SUP: 100
6337 -1 SUP: 114
2380 -1 SUP: 185
6212 -1 SUP: 133
2722 -1 SUP: 102
2701 -1 SUP: 231
2701 -1 2701 -1 SUP: 185
2701 -1 2701 -1 2701 -1 SUP: 130
2695 -1 SUP: 153
7088 -1 SUP: 226
7088 -1 7088 -1 SUP: 185
7088 -1 7088 -1 7088 -1 SUP: 112
7088 -1 7088 -1 7088 9126 -1 SUP: 112
7088 -1 7088 9126 -1 SUP: 184
7088 -1 7088 9126 -1 7088 -1 SUP: 112
7088 -1 7088 9126 -1 7088 9126 -1 SUP: 112
7088 -1 7088 9126 -1 9126 -1 SUP: 112
7088 -1 7088 -1 9126 -1 SUP: 112
7088 9126 -1 SUP: 226
7088 9126 -1 7088 -1 SUP: 184
7088 9126 -1 7088 -1 7088 -1 SUP: 112
7088 9126 -1 7088 -1 7088 9126 -1 SUP: 112
7088 9126 -1 7088 9126 -1 SUP: 183
7088 9126 -1 7088 9126 -1 7088 -1 SUP: 112
7088 9126 -1 7088 9126 -1 7088 9126 -1 SUP: 112
7088 9126 -1 7088 9126 -1 9126 -1 SUP: 112
7088 9126 -1 7088 -1 9126 -1 SUP: 112
7088 9126 -1 9126 -1 SUP: 184
7088 9126 -1 9126 -1 7088 -1 SUP: 113
7088 9126 -1 9126 -1 7088 9126 -1 SUP: 113
7088 9126 -1 9126 -1 9126 -1 SUP: 113
7088 -1 9126 -1 SUP: 185
7088 -1 9126 -1 7088 -1 SUP: 113
7088 -1 9126 -1 7088 9126 -1 SUP: 113
7088 -1 9126 -1 9126 -1 SUP: 113
2786 -1 SUP: 102
7125 -1 SUP: 310
7125 -1 2240 -1 SUP: 105
7125 -1 2240 7125 -1 SUP: 105
7125 -1 7125 -1 SUP: 222
7125 -1 7125 -1 7125 -1 SUP: 110
7160 -1 SUP: 110
2752 -1 SUP: 174
2752 -1 2752 -1 SUP: 148
2752 -1 2752 -1 2752 -1 SUP: 120
2685 -1 SUP: 157
2652 -1 SUP: 124
2652 8969 -1 SUP: 116
2652 8969 -1 2652 -1 SUP: 100
2652 -1 8969 -1 SUP: 100
2652 -1 2652 -1 SUP: 102
2625 -1 SUP: 126
7029 -1 SUP: 139
7029 -1 7029 -1 SUP: 112
6842 -1 SUP: 103
6818 -1 SUP: 122
3308 -1 SUP: 105
3308 5343 -1 SUP: 103
3308 5343 7931 -1 SUP: 103
3308 7931 -1 SUP: 103
3210 -1 SUP: 103
7562 -1 SUP: 102
3569 -1 SUP: 137
3488 -1 SUP: 133
3488 -1 1566 -1 SUP: 103
3488 -1 1566 3488 -1 SUP: 102
3488 -1 3488 -1 SUP: 106
3403 -1 SUP: 125
7248 -1 SUP: 118
3816 -1 SUP: 176
3816 -1 3816 -1 SUP: 121
3770 -1 SUP: 163
3759 -1 SUP: 133
3759 -1 3759 -1 SUP: 105
3753 -1 SUP: 141
3753 -1 3753 -1 SUP: 113
8117 -1 SUP: 175
8117 -1 8117 -1 SUP: 144
8117 -1 8117 -1 8117 -1 SUP: 113
8119 -1 SUP: 220
8119 -1 8119 -1 SUP: 164
8119 -1 8119 -1 8119 -1 SUP: 112
3712 -1 SUP: 149
3704 -1 SUP: 132
3704 6568 -1 SUP: 103
8029 -1 SUP: 109
8042 -1 SUP: 117
7931 -1 SUP: 149
7775 -1 SUP: 147
7775 -1 7775 -1 SUP: 123
7775 8208 -1 SUP: 107
3923 -1 SUP: 283
3923 -1 3923 -1 SUP: 182
7728 -1 SUP: 100
